	index	piece	corpus	year	chord_num	max_val	min_val	pieces_avg	corpus_year	corpus_avg	corpus_id	piece_id
0	85	op01n02b	corelli	1681	121	10	0	2.239669421487603	1687.9615384615386	1.3266167616590216	1	1
1	86	op01n03a	corelli	1681	66	11	0	0.5	1687.9615384615386	1.3266167616590216	1	2
2	87	op01n03b	corelli	1681	223	11	0	0.8340807174887892	1687.9615384615386	1.3266167616590216	1	3
3	88	op01n04a	corelli	1681	52	15	-3	2.019230769230769	1687.9615384615386	1.3266167616590216	1	4
4	89	op01n04b	corelli	1681	26	8	0	2.423076923076923	1687.9615384615386	1.3266167616590216	1	5
5	90	op01n04c	corelli	1681	117	15	0	2.3675213675213675	1687.9615384615386	1.3266167616590216	1	6
6	91	op01n04d	corelli	1681	115	15	-2	2.130434782608696	1687.9615384615386	1.3266167616590216	1	7
7	92	op01n05a	corelli	1681	90	7	0	1.5666666666666667	1687.9615384615386	1.3266167616590216	1	8
8	93	op01n05b	corelli	1681	149	6	0	0.4161073825503356	1687.9615384615386	1.3266167616590216	1	9
9	94	op01n05c	corelli	1681	59	6	-4	0.5084745762711864	1687.9615384615386	1.3266167616590216	1	10
10	95	op01n05d	corelli	1681	117	6	-1	0.7435897435897436	1687.9615384615386	1.3266167616590216	1	11
11	96	op01n06a	corelli	1681	44	11	0	2.4318181818181817	1687.9615384615386	1.3266167616590216	1	12
12	97	op01n08a	corelli	1681	56	9	-5	2.25	1687.9615384615386	1.3266167616590216	1	13
13	98	op01n08c	corelli	1681	119	9	-6	0.8739495798319328	1687.9615384615386	1.3266167616590216	1	14
14	99	op01n10a	corelli	1681	45	6	0	1.1333333333333333	1687.9615384615386	1.3266167616590216	1	15
15	100	op01n10b	corelli	1681	70	11	0	1.7	1687.9615384615386	1.3266167616590216	1	16
16	101	op01n12b	corelli	1681	101	10	0	1.2178217821782178	1687.9615384615386	1.3266167616590216	1	17
17	102	op01n12d	corelli	1681	225	10	-2	0.4711111111111111	1687.9615384615386	1.3266167616590216	1	18
18	103	op03n02a	corelli	1689	68	10	0	0.38235294117647056	1687.9615384615386	1.3266167616590216	1	19
19	104	op03n02b	corelli	1689	118	10	-3	0.7203389830508474	1687.9615384615386	1.3266167616590216	1	20
20	105	op03n02c	corelli	1689	91	11	-9	1.3406593406593406	1687.9615384615386	1.3266167616590216	1	21
21	106	op03n02d	corelli	1689	121	10	-1	0.9834710743801653	1687.9615384615386	1.3266167616590216	1	22
22	107	op03n03b	corelli	1689	62	4	-10	0.03225806451612903	1687.9615384615386	1.3266167616590216	1	23
23	108	op03n03c	corelli	1689	137	6	-10	0.051094890510948905	1687.9615384615386	1.3266167616590216	1	24
24	109	op03n03d	corelli	1689	240	6	-10	0.1375	1687.9615384615386	1.3266167616590216	1	25
25	110	op03n04d	corelli	1689	171	19	-5	3.0584795321637426	1687.9615384615386	1.3266167616590216	1	26
26	111	op03n06b	corelli	1689	54	10	-7	2.1666666666666665	1687.9615384615386	1.3266167616590216	1	27
27	112	op03n06d	corelli	1689	179	9	0	0.8547486033519553	1687.9615384615386	1.3266167616590216	1	28
28	113	op03n07a	corelli	1689	76	17	-1	2.8026315789473686	1687.9615384615386	1.3266167616590216	1	29
29	114	op03n08b	corelli	1689	153	15	0	0.9084967320261438	1687.9615384615386	1.3266167616590216	1	30
30	115	op03n09c	corelli	1689	85	5	-8	0.6588235294117647	1687.9615384615386	1.3266167616590216	1	31
31	116	op03n12d	corelli	1689	97	0	0	0.0	1687.9615384615386	1.3266167616590216	1	32
32	117	op03n12e	corelli	1689	76	9	0	0.35526315789473684	1687.9615384615386	1.3266167616590216	1	33
33	118	op03n12f	corelli	1689	192	11	0	0.359375	1687.9615384615386	1.3266167616590216	1	34
34	119	op04n01b	corelli	1694	75	8	0	0.56	1687.9615384615386	1.3266167616590216	1	35
35	120	op04n02a	corelli	1694	87	7	0	1.2413793103448276	1687.9615384615386	1.3266167616590216	1	36
36	121	op04n02c	corelli	1694	9	6	0	2.4444444444444446	1687.9615384615386	1.3266167616590216	1	37
37	122	op04n05b	corelli	1694	105	15	-3	1.6857142857142857	1687.9615384615386	1.3266167616590216	1	38
38	123	op04n05d	corelli	1694	38	15	0	2.736842105263158	1687.9615384615386	1.3266167616590216	1	39
39	124	op04n06a	corelli	1694	22	10	0	0.45454545454545453	1687.9615384615386	1.3266167616590216	1	40
40	125	op04n06b	corelli	1694	41	10	0	0.24390243902439024	1687.9615384615386	1.3266167616590216	1	41
41	126	op04n06c	corelli	1694	19	10	0	3.9473684210526314	1687.9615384615386	1.3266167616590216	1	42
42	127	op04n06d	corelli	1694	57	12	0	1.4035087719298245	1687.9615384615386	1.3266167616590216	1	43
43	128	op04n06e	corelli	1694	22	9	0	3.0454545454545454	1687.9615384615386	1.3266167616590216	1	44
44	129	op04n07c	corelli	1694	12	7	0	2.75	1687.9615384615386	1.3266167616590216	1	45
45	130	op04n07e	corelli	1694	92	7	-3	0.6413043478260869	1687.9615384615386	1.3266167616590216	1	46
46	131	op04n08b	corelli	1694	88	8	0	1.125	1687.9615384615386	1.3266167616590216	1	47
47	132	op04n10a	corelli	1694	4	7	0	1.75	1687.9615384615386	1.3266167616590216	1	48
48	133	op04n10c	corelli	1694	8	0	0	0.0	1687.9615384615386	1.3266167616590216	1	49
49	134	op04n10d	corelli	1694	51	17	0	2.0784313725490198	1687.9615384615386	1.3266167616590216	1	50
50	135	op04n11b	corelli	1694	116	6	0	1.0258620689655173	1687.9615384615386	1.3266167616590216	1	51
51	136	op04n11c	corelli	1694	142	6	0	1.2112676056338028	1687.9615384615386	1.3266167616590216	1	52
52	37	K331-2	mozart_piano_sonatas	1783	160	10	-1	0.875	1785.875	1.0725065876026776	2	53
53	38	K331-3	mozart_piano_sonatas	1783	128	12	0	1.7734375	1785.875	1.0725065876026776	2	54
54	39	K332-3	mozart_piano_sonatas	1783	449	11	-11	0.5701559020044543	1785.875	1.0725065876026776	2	55
55	40	K457-2	mozart_piano_sonatas	1784	214	9	-10	0.2570093457943925	1785.875	1.0725065876026776	2	56
56	41	K545-2	mozart_piano_sonatas	1788	146	17	-3	1.3904109589041096	1785.875	1.0725065876026776	2	57
57	42	K545-3	mozart_piano_sonatas	1788	143	9	-2	1.013986013986014	1785.875	1.0725065876026776	2	58
58	43	K570-2	mozart_piano_sonatas	1789	250	11	-7	0.508	1785.875	1.0725065876026776	2	59
59	44	K576-2	mozart_piano_sonatas	1789	151	12	-1	2.19205298013245	1785.875	1.0725065876026776	2	60
60	0	05-2	beethoven_piano_sonatas	1797	252	7	-30	-0.16666666666666666	1802.4285714285713	1.1375884026060346	3	61
61	1	08-1	beethoven_piano_sonatas	1798	503	14	-11	1.9721669980119285	1802.4285714285713	1.1375884026060346	3	62
62	2	16-2	beethoven_piano_sonatas	1802	285	13	-10	-0.10175438596491228	1802.4285714285713	1.1375884026060346	3	63
63	13	17-2	beethoven_piano_sonatas	1802	223	15	-11	-0.08071748878923767	1802.4285714285713	1.1375884026060346	3	64
64	14	21-2	beethoven_piano_sonatas	1804	82	20	-4	2.4146341463414633	1802.4285714285713	1.1375884026060346	3	65
65	15	23-3	beethoven_piano_sonatas	1805	395	9	-7	1.969620253164557	1802.4285714285713	1.1375884026060346	3	66
66	16	24-2	beethoven_piano_sonatas	1809	317	27	0	1.9558359621451105	1802.4285714285713	1.1375884026060346	3	67
67	52	n03op18-3_02	ABC	1799	394	13	-36	-0.2639593908629442	1809.032258064516	1.435927134261303	4	68
68	53	n03op18-3_03	ABC	1799	278	19	-12	1.9280575539568345	1809.032258064516	1.435927134261303	4	69
69	55	n04op18-4_03	ABC	1799	145	9	-3	1.6758620689655173	1809.032258064516	1.435927134261303	4	70
70	56	n04op18-4_04	ABC	1799	386	11	-13	1.6839378238341969	1809.032258064516	1.435927134261303	4	71
71	58	n05op18-5_01	ABC	1799	430	23	-7	1.7953488372093023	1809.032258064516	1.435927134261303	4	72
72	59	n05op18-5_02	ABC	1799	168	13	0	1.0952380952380953	1809.032258064516	1.435927134261303	4	73
73	60	n05op18-5_03	ABC	1799	247	19	-3	1.1862348178137652	1809.032258064516	1.435927134261303	4	74
74	61	n05op18-5_04	ABC	1799	567	21	-1	1.4973544973544974	1809.032258064516	1.435927134261303	4	75
75	49	n02op18-2_02	ABC	1800	177	10	-5	0.13559322033898305	1809.032258064516	1.435927134261303	4	76
76	50	n02op18-2_03	ABC	1800	138	10	-4	0.7391304347826086	1809.032258064516	1.435927134261303	4	77
77	51	n02op18-2_04	ABC	1800	468	16	-21	0.7051282051282052	1809.032258064516	1.435927134261303	4	78
78	62	n06op18-6_02	ABC	1800	265	9	-8	0.2037735849056604	1809.032258064516	1.435927134261303	4	79
79	63	n06op18-6_03	ABC	1800	168	11	-11	0.6488095238095238	1809.032258064516	1.435927134261303	4	80
80	64	n06op18-6_04	ABC	1800	465	32	-19	0.4838709677419355	1809.032258064516	1.435927134261303	4	81
81	66	n07op59-1_01	ABC	1806	482	15	-32	0.38381742738589214	1809.032258064516	1.435927134261303	4	82
82	67	n08op59-2_02	ABC	1806	326	23	-9	2.374233128834356	1809.032258064516	1.435927134261303	4	83
83	68	n08op59-2_03	ABC	1806	262	19	-5	1.7404580152671756	1809.032258064516	1.435927134261303	4	84
84	69	n08op59-2_04	ABC	1806	567	19	-21	2.696649029982363	1809.032258064516	1.435927134261303	4	85
85	71	n09op59-3_03	ABC	1806	177	9	-4	1.2259887005649717	1809.032258064516	1.435927134261303	4	86
86	72	n10op74_01	ABC	1809	446	9	-38	-0.6704035874439462	1809.032258064516	1.435927134261303	4	87
87	73	n10op74_04	ABC	1809	322	14	-7	0.7049689440993789	1809.032258064516	1.435927134261303	4	88
88	74	n11op95_03	ABC	1810	364	11	-12	1.2032967032967032	1809.032258064516	1.435927134261303	4	89
89	75	n12op127_02	ABC	1824	542	23	-19	0.06088560885608856	1809.032258064516	1.435927134261303	4	90
90	82	n15op132_01	ABC	1825	622	27	-5	2.072347266881029	1809.032258064516	1.435927134261303	4	91
91	83	n15op132_03	ABC	1825	506	10	0	0.45454545454545453	1809.032258064516	1.435927134261303	4	92
92	77	n13op130_04	ABC	1826	295	17	-4	1.1423728813559322	1809.032258064516	1.435927134261303	4	93
93	78	n14op131_01	ABC	1826	334	23	-9	3.68562874251497	1809.032258064516	1.435927134261303	4	94
94	79	n14op131_03	ABC	1826	30	11	-2	3.0	1809.032258064516	1.435927134261303	4	95
95	80	n14op131_06	ABC	1826	68	13	0	3.985294117647059	1809.032258064516	1.435927134261303	4	96
96	81	n14op131_07	ABC	1826	522	32	-9	5.71455938697318	1809.032258064516	1.435927134261303	4	97
97	84	n16op135_03	ABC	1826	178	23	-9	1.2247191011235956	1809.032258064516	1.435927134261303	4	98
98	25	BI16-1	chopin_mazurkas	1826	50	17	0	3.48	1838.95	2.6823254811328727	5	99
99	26	BI16-2	chopin_mazurkas	1826	47	7	-6	0.5106382978723404	1838.95	2.6823254811328727	5	100
100	32	BI61-3op07-3	chopin_mazurkas	1832	205	7	-9	0.9853658536585366	1838.95	2.6823254811328727	5	101
101	33	BI61-4op07-4	chopin_mazurkas	1832	104	7	-8	-1.0288461538461537	1838.95	2.6823254811328727	5	102
102	34	BI61-5op07-5	chopin_mazurkas	1832	38	0	0	0.0	1838.95	2.6823254811328727	5	103
103	35	BI73	chopin_mazurkas	1832	44	5	0	0.3409090909090909	1838.95	2.6823254811328727	5	104
104	36	BI89-2op24-2	chopin_mazurkas	1833	226	8	-4	0.0752212389380531	1838.95	2.6823254811328727	5	105
105	17	BI126-3op41-1	chopin_mazurkas	1838	233	38	0	9.871244635193133	1838.95	2.6823254811328727	5	106
106	18	BI126-4op41-3	chopin_mazurkas	1839	120	20	-5	2.533333333333333	1838.95	2.6823254811328727	5	107
107	19	BI140	chopin_mazurkas	1841	213	21	-4	3.427230046948357	1838.95	2.6823254811328727	5	108
108	20	BI145-1op50-1	chopin_mazurkas	1842	216	17	-7	1.2916666666666667	1838.95	2.6823254811328727	5	109
109	21	BI145-2op50-2	chopin_mazurkas	1842	152	11	0	1.118421052631579	1838.95	2.6823254811328727	5	110
110	22	BI145-3op50-3	chopin_mazurkas	1842	309	34	-10	7.300970873786408	1838.95	2.6823254811328727	5	111
111	23	BI153-2op56-2	chopin_mazurkas	1844	156	15	0	2.0128205128205128	1838.95	2.6823254811328727	5	112
112	24	BI157-1op59-1	chopin_mazurkas	1845	257	33	-6	6.0778210116731515	1838.95	2.6823254811328727	5	113
113	27	BI162-1op63-1	chopin_mazurkas	1846	169	35	0	6.207100591715976	1838.95	2.6823254811328727	5	114
114	28	BI162-2op63-2	chopin_mazurkas	1846	80	11	-6	1.3	1838.95	2.6823254811328727	5	115
115	29	BI162-3op63-3	chopin_mazurkas	1846	123	23	0	5.154471544715447	1838.95	2.6823254811328727	5	116
116	31	BI168op68-4	chopin_mazurkas	1846	80	19	-25	2.4625	1838.95	2.6823254811328727	5	117
117	30	BI167op67-2	chopin_mazurkas	1849	78	6	-19	0.5256410256410257	1838.95	2.6823254811328727	5	118
118	54	n04	schumann_kinderszenen	1839	53	7	-3	0.07547169811320754	1839.0	1.4666421357159716	6	119
119	57	n05	schumann_kinderszenen	1839	48	21	-2	2.5	1839.0	1.4666421357159716	6	120
120	65	n07	schumann_kinderszenen	1839	71	7	-4	1.2253521126760563	1839.0	1.4666421357159716	6	121
121	70	n09	schumann_kinderszenen	1839	46	15	-2	0.6956521739130435	1839.0	1.4666421357159716	6	122
122	76	n13	schumann_kinderszenen	1839	49	17	-3	2.836734693877551	1839.0	1.4666421357159716	6	123
123	3	160.02_Au_Lac_de_Wallenstadt	liszt_pelerinage	1855	84	9	-15	-0.35714285714285715	1856.8	0.9700454698494809	7	124
124	4	160.04_Au_Bord_dUne_Source	liszt_pelerinage	1855	465	16	-30	-1.5634408602150538	1856.8	0.9700454698494809	7	125
125	5	160.06_Vallee_dObermann	liszt_pelerinage	1855	631	35	-6	2.451664025356577	1856.8	0.9700454698494809	7	126
126	6	160.07_Eglogue	liszt_pelerinage	1855	214	14	-7	-0.13551401869158877	1856.8	0.9700454698494809	7	127
127	7	160.09_Les_Cloches_de_Geneve_(Nocturne)	liszt_pelerinage	1855	205	26	-17	2.658536585365854	1856.8	0.9700454698494809	7	128
128	8	161.01_Sposalizio	liszt_pelerinage	1858	237	25	-10	2.0548523206751055	1856.8	0.9700454698494809	7	129
129	9	161.04_Sonetto_47_del_Petrarca	liszt_pelerinage	1858	153	7	-24	-3.189542483660131	1856.8	0.9700454698494809	7	130
130	10	161.05_Sonetto_104_del_Petrarca	liszt_pelerinage	1858	121	23	-3	2.8677685950413223	1856.8	0.9700454698494809	7	131
131	11	161.07_Apres_une_lecture_du_Dante	liszt_pelerinage	1858	631	39	-17	3.2091917591125196	1856.8	0.9700454698494809	7	132
132	12	162.02_Canzone	liszt_pelerinage	1861	98	5	-8	1.7040816326530612	1856.8	0.9700454698494809	7	133
133	150	op37a01	tchaikovsky_seasons	1876	313	26	-1	2.4792332268370605	1876.0	2.4792332268370605	8	134
134	137	op08n02	dvorak_silhouettes	1879	67	3	-16	-0.26865671641791045	1879.0	0.9019887104611776	9	135
135	138	op08n03	dvorak_silhouettes	1879	238	15	-30	-0.1092436974789916	1879.0	0.9019887104611776	9	136
136	139	op08n06	dvorak_silhouettes	1879	113	4	-6	-1.415929203539823	1879.0	0.9019887104611776	9	137
137	140	op08n07	dvorak_silhouettes	1879	167	10	0	1.0778443113772456	1879.0	0.9019887104611776	9	138
138	141	op08n08	dvorak_silhouettes	1879	100	19	-1	1.73	1879.0	0.9019887104611776	9	139
139	142	op08n09	dvorak_silhouettes	1879	97	23	0	2.845360824742268	1879.0	0.9019887104611776	9	140
140	143	op08n11	dvorak_silhouettes	1879	88	21	-9	2.4545454545454546	1879.0	0.9019887104611776	9	141
141	144	op12n01	grieg_lyric_pieces	1867	43	16	-7	0.06976744186046512	1889.5483870967741	2.859310965720803	10	142
142	145	op12n02	grieg_lyric_pieces	1867	125	23	-1	2.408	1889.5483870967741	2.859310965720803	10	143
143	146	op12n08	grieg_lyric_pieces	1867	78	6	-7	-0.3333333333333333	1889.5483870967741	2.859310965720803	10	144
144	151	op38n02	grieg_lyric_pieces	1883	46	17	0	3.847826086956522	1889.5483870967741	2.859310965720803	10	145
145	152	op38n03	grieg_lyric_pieces	1883	87	26	-4	3.0344827586206895	1889.5483870967741	2.859310965720803	10	146
146	153	op38n06	grieg_lyric_pieces	1883	104	9	0	3.5576923076923075	1889.5483870967741	2.859310965720803	10	147
147	154	op38n07	grieg_lyric_pieces	1883	55	17	-1	4.109090909090909	1889.5483870967741	2.859310965720803	10	148
148	157	op43n01	grieg_lyric_pieces	1886	102	19	-1	4.5	1889.5483870967741	2.859310965720803	10	149
149	158	op43n04	grieg_lyric_pieces	1886	52	29	-5	5.384615384615385	1889.5483870967741	2.859310965720803	10	150
150	159	op43n06	grieg_lyric_pieces	1886	127	32	0	3.1181102362204722	1889.5483870967741	2.859310965720803	10	151
151	160	op47n01	grieg_lyric_pieces	1888	158	32	-5	8.094936708860759	1889.5483870967741	2.859310965720803	10	152
152	161	op47n04	grieg_lyric_pieces	1888	21	0	0	0.0	1889.5483870967741	2.859310965720803	10	153
153	162	op47n06	grieg_lyric_pieces	1888	83	8	-1	0.2891566265060241	1889.5483870967741	2.859310965720803	10	154
154	163	op47n07	grieg_lyric_pieces	1888	134	51	0	16.149253731343283	1889.5483870967741	2.859310965720803	10	155
155	164	op54n02	grieg_lyric_pieces	1891	286	17	-7	0.2727272727272727	1889.5483870967741	2.859310965720803	10	156
156	165	op54n03	grieg_lyric_pieces	1891	267	13	-4	1.8314606741573034	1889.5483870967741	2.859310965720803	10	157
157	166	op54n04	grieg_lyric_pieces	1891	91	15	-16	-1.3406593406593406	1889.5483870967741	2.859310965720803	10	158
158	167	op54n06	grieg_lyric_pieces	1891	171	22	-2	2.47953216374269	1889.5483870967741	2.859310965720803	10	159
159	168	op57n03	grieg_lyric_pieces	1893	186	30	-4	5.32258064516129	1889.5483870967741	2.859310965720803	10	160
160	169	op62n04	grieg_lyric_pieces	1895	97	51	-6	6.536082474226804	1889.5483870967741	2.859310965720803	10	161
161	170	op62n05	grieg_lyric_pieces	1895	45	21	-1	3.6	1889.5483870967741	2.859310965720803	10	162
162	171	op62n06	grieg_lyric_pieces	1895	173	17	-4	0.9421965317919075	1889.5483870967741	2.859310965720803	10	163
163	172	op65n03	grieg_lyric_pieces	1896	87	19	-1	2.264367816091954	1889.5483870967741	2.859310965720803	10	164
164	173	op65n04	grieg_lyric_pieces	1896	112	23	-7	4.232142857142857	1889.5483870967741	2.859310965720803	10	165
165	174	op68n03	grieg_lyric_pieces	1899	134	29	-8	2.58955223880597	1889.5483870967741	2.859310965720803	10	166
166	175	op68n04	grieg_lyric_pieces	1899	85	26	-7	4.3882352941176475	1889.5483870967741	2.859310965720803	10	167
167	176	op68n05	grieg_lyric_pieces	1899	95	17	0	1.3894736842105264	1889.5483870967741	2.859310965720803	10	168
168	177	op68n06	grieg_lyric_pieces	1899	200	54	-27	6.22	1889.5483870967741	2.859310965720803	10	169
169	178	op71n02	grieg_lyric_pieces	1901	107	5	-45	-7.859813084112149	1889.5483870967741	2.859310965720803	10	170
170	179	op71n04	grieg_lyric_pieces	1901	87	14	0	1.9195402298850575	1889.5483870967741	2.859310965720803	10	171
171	180	op71n07	grieg_lyric_pieces	1901	74	9	-23	-0.3783783783783784	1889.5483870967741	2.859310965720803	10	172
172	45	l075-01_suite_prelude	debussy_suite_bergamasque	1905	274	22	-3	0.5656934306569343	1905.0	1.4601392046587691	11	173
173	46	l075-02_suite_menuet	debussy_suite_bergamasque	1905	305	26	-10	2.1081967213114754	1905.0	1.4601392046587691	11	174
174	47	l075-03_suite_clair	debussy_suite_bergamasque	1905	150	11	-15	-0.8333333333333334	1905.0	1.4601392046587691	11	175
175	48	l075-04_suite_passepied	debussy_suite_bergamasque	1905	284	26	-7	4.0	1905.0	1.4601392046587691	11	176
176	147	op26n01	medtner_tales	1912	180	12	-24	-0.9222222222222223	1918.8	1.097306022154581	12	177
177	148	op34n02	medtner_tales	1917	195	17	-21	1.0512820512820513	1918.8	1.097306022154581	12	178
178	149	op35n04	medtner_tales	1917	345	39	-8	4.15072463768116	1918.8	1.097306022154581	12	179
179	155	op42n02	medtner_tales	1924	178	0	-6	-1.8820224719101124	1918.8	1.097306022154581	12	180
180	156	op42n03	medtner_tales	1924	552	37	-10	3.088768115942029	1918.8	1.097306022154581	12	181
