	index	piece	corpus	year	chord_num	max_val	min_val	pieces_avg	corpus_year	corpus_avg	corpus_id	piece_id
0	8	BI16-1	chopin_mazurkas	1826.0	50	15	0	2.12	1838.95	1.7389195959566162	1	1
1	9	BI16-2	chopin_mazurkas	1826.0	47	9	-4	0.8936170212765957	1838.95	1.7389195959566162	1	2
2	15	BI61-3op07-3	chopin_mazurkas	1832.0	205	9	-4	1.7707317073170732	1838.95	1.7389195959566162	1	3
3	16	BI61-4op07-4	chopin_mazurkas	1832.0	104	15	-4	0.6442307692307693	1838.95	1.7389195959566162	1	4
4	17	BI61-5op07-5	chopin_mazurkas	1832.0	38	0	0	0.0	1838.95	1.7389195959566162	1	5
5	18	BI73	chopin_mazurkas	1832.0	44	6	0	0.4090909090909091	1838.95	1.7389195959566162	1	6
6	19	BI89-2op24-2	chopin_mazurkas	1833.0	226	14	-4	1.6460176991150441	1838.95	1.7389195959566162	1	7
7	0	BI126-3op41-1	chopin_mazurkas	1838.0	233	17	-6	3.6609442060085837	1838.95	1.7389195959566162	1	8
8	1	BI126-4op41-3	chopin_mazurkas	1839.0	120	17	-25	0.325	1838.95	1.7389195959566162	1	9
9	2	BI140	chopin_mazurkas	1841.0	213	15	-4	2.2863849765258215	1838.95	1.7389195959566162	1	10
10	3	BI145-1op50-1	chopin_mazurkas	1842.0	216	15	-10	0.7638888888888888	1838.95	1.7389195959566162	1	11
11	4	BI145-2op50-2	chopin_mazurkas	1842.0	152	15	0	2.25	1838.95	1.7389195959566162	1	12
12	5	BI145-3op50-3	chopin_mazurkas	1842.0	309	13	-31	1.7022653721682848	1838.95	1.7389195959566162	1	13
13	6	BI153-2op56-2	chopin_mazurkas	1844.0	156	9	0	1.3974358974358974	1838.95	1.7389195959566162	1	14
14	7	BI157-1op59-1	chopin_mazurkas	1845.0	257	21	-12	3.330739299610895	1838.95	1.7389195959566162	1	15
15	10	BI162-1op63-1	chopin_mazurkas	1846.0	169	23	-4	3.57396449704142	1838.95	1.7389195959566162	1	16
16	11	BI162-2op63-2	chopin_mazurkas	1846.0	80	23	-5	2.175	1838.95	1.7389195959566162	1	17
17	12	BI162-3op63-3	chopin_mazurkas	1846.0	123	9	-10	1.6829268292682926	1838.95	1.7389195959566162	1	18
18	14	BI168op68-4	chopin_mazurkas	1846.0	80	23	-22	3.3	1838.95	1.7389195959566162	1	19
19	13	BI167op67-2	chopin_mazurkas	1849.0	78	7	-13	0.8461538461538461	1838.95	1.7389195959566162	1	20
20	20	l075-01_suite_prelude	debussy_suite_bergamasque	1905.0	274	13	-2	0.38686131386861317	1905.0	0.2776188919243995	2	21
21	21	l075-02_suite_menuet	debussy_suite_bergamasque	1905.0	305	17	-19	-0.419672131147541	1905.0	0.2776188919243995	2	22
22	22	l075-03_suite_clair	debussy_suite_bergamasque	1905.0	150	9	-5	0.20666666666666667	1905.0	0.2776188919243995	2	23
23	23	l075-04_suite_passepied	debussy_suite_bergamasque	1905.0	284	14	-25	0.9366197183098591	1905.0	0.2776188919243995	2	24
