	index	piece	corpus	year	chord_num	max_val	min_val	pieces_avg	corpus_year	corpus_avg	corpus_id	piece_id
0	8	BI16-1	chopin_mazurkas	1826.0	50	17	-1	1.0	1838.95	0.01006430580954295	1	1
1	9	BI16-2	chopin_mazurkas	1826.0	47	7	-6	-1.127659574468085	1838.95	0.01006430580954295	1	2
2	15	BI61-3op07-3	chopin_mazurkas	1832.0	205	0	-10	-1.673170731707317	1838.95	0.01006430580954295	1	3
3	16	BI61-4op07-4	chopin_mazurkas	1832.0	104	0	-13	-2.875	1838.95	0.01006430580954295	1	4
4	17	BI61-5op07-5	chopin_mazurkas	1832.0	38	0	-1	-0.21052631578947367	1838.95	0.01006430580954295	1	5
5	18	BI73	chopin_mazurkas	1832.0	44	0	-4	-1.0681818181818181	1838.95	0.01006430580954295	1	6
6	19	BI89-2op24-2	chopin_mazurkas	1833.0	226	5	-11	-0.7256637168141593	1838.95	0.01006430580954295	1	7
7	0	BI126-3op41-1	chopin_mazurkas	1838.0	233	20	0	2.92274678111588	1838.95	0.01006430580954295	1	8
8	1	BI126-4op41-3	chopin_mazurkas	1839.0	120	5	-4	0.5083333333333333	1838.95	0.01006430580954295	1	9
9	2	BI140	chopin_mazurkas	1841.0	213	9	-5	0.784037558685446	1838.95	0.01006430580954295	1	10
10	3	BI145-1op50-1	chopin_mazurkas	1842.0	216	17	-4	0.6481481481481481	1838.95	0.01006430580954295	1	11
11	4	BI145-2op50-2	chopin_mazurkas	1842.0	152	5	-7	-2.013157894736842	1838.95	0.01006430580954295	1	12
12	5	BI145-3op50-3	chopin_mazurkas	1842.0	309	11	-10	2.336569579288026	1838.95	0.01006430580954295	1	13
13	6	BI153-2op56-2	chopin_mazurkas	1844.0	156	3	-1	0.038461538461538464	1838.95	0.01006430580954295	1	14
14	7	BI157-1op59-1	chopin_mazurkas	1845.0	257	16	-4	1.6147859922178989	1838.95	0.01006430580954295	1	15
15	10	BI162-1op63-1	chopin_mazurkas	1846.0	169	14	0	3.0177514792899407	1838.95	0.01006430580954295	1	16
16	11	BI162-2op63-2	chopin_mazurkas	1846.0	80	0	-9	-2.125	1838.95	0.01006430580954295	1	17
17	12	BI162-3op63-3	chopin_mazurkas	1846.0	123	14	0	3.4065040650406506	1838.95	0.01006430580954295	1	18
18	14	BI168op68-4	chopin_mazurkas	1846.0	80	2	-13	-2.95	1838.95	0.01006430580954295	1	19
19	13	BI167op67-2	chopin_mazurkas	1849.0	78	0	-8	-1.3076923076923077	1838.95	0.01006430580954295	1	20
20	20	l075-01_suite_prelude	debussy_suite_bergamasque	1905.0	274	7	-8	-0.3467153284671533	1905.0	-0.025399874216380403	2	21
21	21	l075-02_suite_menuet	debussy_suite_bergamasque	1905.0	305	8	-5	-0.03934426229508197	1905.0	-0.025399874216380403	2	22
22	22	l075-03_suite_clair	debussy_suite_bergamasque	1905.0	150	11	-11	-1.4866666666666666	1905.0	-0.025399874216380403	2	23
23	23	l075-04_suite_passepied	debussy_suite_bergamasque	1905.0	284	19	-4	1.7711267605633803	1905.0	-0.025399874216380403	2	24
