	index	piece	corpus	year	chord_num	max_val	min_val	pieces_avg	corpus_year	corpus_avg	corpus_id	piece_id
0	8	BI16-1	chopin_mazurkas	1826.0	50	15	-15	-1.08	1838.95	-1.5986977929908854	1	1
1	9	BI16-2	chopin_mazurkas	1826.0	47	9	-15	-1.4042553191489362	1838.95	-1.5986977929908854	1	2
2	15	BI61-3op07-3	chopin_mazurkas	1832.0	205	0	-25	-1.1853658536585365	1838.95	-1.5986977929908854	1	3
3	16	BI61-4op07-4	chopin_mazurkas	1832.0	104	0	-15	-2.605769230769231	1838.95	-1.5986977929908854	1	4
4	17	BI61-5op07-5	chopin_mazurkas	1832.0	38	0	-2	-0.8947368421052632	1838.95	-1.5986977929908854	1	5
5	18	BI73	chopin_mazurkas	1832.0	44	0	-6	-0.8181818181818182	1838.95	-1.5986977929908854	1	6
6	19	BI89-2op24-2	chopin_mazurkas	1833.0	226	6	-15	-1.092920353982301	1838.95	-1.5986977929908854	1	7
7	0	BI126-3op41-1	chopin_mazurkas	1838.0	233	12	-23	-2.1201716738197427	1838.95	-1.5986977929908854	1	8
8	1	BI126-4op41-3	chopin_mazurkas	1839.0	120	0	-15	-0.675	1838.95	-1.5986977929908854	1	9
9	2	BI140	chopin_mazurkas	1841.0	213	6	-15	-1.9671361502347418	1838.95	-1.5986977929908854	1	10
10	3	BI145-1op50-1	chopin_mazurkas	1842.0	216	15	-15	-1.1018518518518519	1838.95	-1.5986977929908854	1	11
11	4	BI145-2op50-2	chopin_mazurkas	1842.0	152	15	-15	-1.1907894736842106	1838.95	-1.5986977929908854	1	12
12	5	BI145-3op50-3	chopin_mazurkas	1842.0	309	6	-25	-2.1132686084142396	1838.95	-1.5986977929908854	1	13
13	6	BI153-2op56-2	chopin_mazurkas	1844.0	156	0	-6	-0.8205128205128205	1838.95	-1.5986977929908854	1	14
14	7	BI157-1op59-1	chopin_mazurkas	1845.0	257	10	-25	-1.5291828793774318	1838.95	-1.5986977929908854	1	15
15	10	BI162-1op63-1	chopin_mazurkas	1846.0	169	8	-15	-1.455621301775148	1838.95	-1.5986977929908854	1	16
16	11	BI162-2op63-2	chopin_mazurkas	1846.0	80	0	-9	-1.625	1838.95	-1.5986977929908854	1	17
17	12	BI162-3op63-3	chopin_mazurkas	1846.0	123	0	-25	-2.886178861788618	1838.95	-1.5986977929908854	1	18
18	14	BI168op68-4	chopin_mazurkas	1846.0	80	0	-25	-4.0875	1838.95	-1.5986977929908854	1	19
19	13	BI167op67-2	chopin_mazurkas	1849.0	78	0	-15	-1.3205128205128205	1838.95	-1.5986977929908854	1	20
20	20	l075-01_suite_prelude	debussy_suite_bergamasque	1905.0	274	8	-20	-1.0291970802919708	1905.0	-1.1392909194226424	2	21
21	21	l075-02_suite_menuet	debussy_suite_bergamasque	1905.0	305	8	-15	-1.2262295081967214	1905.0	-1.1392909194226424	2	22
22	22	l075-03_suite_clair	debussy_suite_bergamasque	1905.0	150	8	-17	-0.7066666666666667	1905.0	-1.1392909194226424	2	23
23	23	l075-04_suite_passepied	debussy_suite_bergamasque	1905.0	284	9	-25	-1.5950704225352113	1905.0	-1.1392909194226424	2	24
