	index	piece	corpus	year	chord_num	max_val	min_val	pieces_avg	corpus_year	corpus_avg	corpus_id	piece_id
0	8	BI16-1	chopin_mazurkas	1826.0	50	15	-2	2.84	1838.95	1.6461822841185978	1	1
1	9	BI16-2	chopin_mazurkas	1826.0	47	9	-4	1.0212765957446808	1838.95	1.6461822841185978	1	2
2	15	BI61-3op07-3	chopin_mazurkas	1832.0	205	9	-13	0.36097560975609755	1838.95	1.6461822841185978	1	3
3	16	BI61-4op07-4	chopin_mazurkas	1832.0	104	26	-4	1.4326923076923077	1838.95	1.6461822841185978	1	4
4	17	BI61-5op07-5	chopin_mazurkas	1832.0	38	6	0	1.4210526315789473	1838.95	1.6461822841185978	1	5
5	18	BI73	chopin_mazurkas	1832.0	44	7	-2	0.38636363636363635	1838.95	1.6461822841185978	1	6
6	19	BI89-2op24-2	chopin_mazurkas	1833.0	226	8	-16	-2.6194690265486726	1838.95	1.6461822841185978	1	7
7	0	BI126-3op41-1	chopin_mazurkas	1838.0	233	17	-6	3.892703862660944	1838.95	1.6461822841185978	1	8
8	1	BI126-4op41-3	chopin_mazurkas	1839.0	120	6	-25	-3.4	1838.95	1.6461822841185978	1	9
9	2	BI140	chopin_mazurkas	1841.0	213	23	-7	3.455399061032864	1838.95	1.6461822841185978	1	10
10	3	BI145-1op50-1	chopin_mazurkas	1842.0	216	15	-10	0.7916666666666666	1838.95	1.6461822841185978	1	11
11	4	BI145-2op50-2	chopin_mazurkas	1842.0	152	23	-2	2.039473684210526	1838.95	1.6461822841185978	1	12
12	5	BI145-3op50-3	chopin_mazurkas	1842.0	309	13	-31	1.8220064724919094	1838.95	1.6461822841185978	1	13
13	6	BI153-2op56-2	chopin_mazurkas	1844.0	156	15	0	2.0128205128205128	1838.95	1.6461822841185978	1	14
14	7	BI157-1op59-1	chopin_mazurkas	1845.0	257	31	-12	6.2957198443579765	1838.95	1.6461822841185978	1	15
15	10	BI162-1op63-1	chopin_mazurkas	1846.0	169	15	-5	2.0236686390532546	1838.95	1.6461822841185978	1	16
16	11	BI162-2op63-2	chopin_mazurkas	1846.0	80	14	-5	1.725	1838.95	1.6461822841185978	1	17
17	12	BI162-3op63-3	chopin_mazurkas	1846.0	123	9	-5	3.0569105691056913	1838.95	1.6461822841185978	1	18
18	14	BI168op68-4	chopin_mazurkas	1846.0	80	25	-22	4.25	1838.95	1.6461822841185978	1	19
19	13	BI167op67-2	chopin_mazurkas	1849.0	78	5	-22	0.11538461538461539	1838.95	1.6461822841185978	1	20
20	20	l075-01_suite_prelude	debussy_suite_bergamasque	1905.0	274	31	-4	1.7591240875912408	1905.0	1.552351252021723	2	21
21	21	l075-02_suite_menuet	debussy_suite_bergamasque	1905.0	305	17	-19	-0.419672131147541	1905.0	1.552351252021723	2	22
22	22	l075-03_suite_clair	debussy_suite_bergamasque	1905.0	150	55	-5	3.933333333333333	1905.0	1.552351252021723	2	23
23	23	l075-04_suite_passepied	debussy_suite_bergamasque	1905.0	284	14	-25	0.9366197183098591	1905.0	1.552351252021723	2	24
