	index	piece	corpus	year	chord_num	max_val	min_val	pieces_avg	corpus_year	corpus_avg	corpus_id	piece_id
0	8	BI16-1	chopin_mazurkas	1826.0	50	17	0	3.48	1838.95	2.6823254811328727	1	1
1	9	BI16-2	chopin_mazurkas	1826.0	47	7	-6	0.5106382978723404	1838.95	2.6823254811328727	1	2
2	15	BI61-3op07-3	chopin_mazurkas	1832.0	205	7	-9	0.9853658536585366	1838.95	2.6823254811328727	1	3
3	16	BI61-4op07-4	chopin_mazurkas	1832.0	104	7	-8	-1.0288461538461537	1838.95	2.6823254811328727	1	4
4	17	BI61-5op07-5	chopin_mazurkas	1832.0	38	0	0	0.0	1838.95	2.6823254811328727	1	5
5	18	BI73	chopin_mazurkas	1832.0	44	5	0	0.3409090909090909	1838.95	2.6823254811328727	1	6
6	19	BI89-2op24-2	chopin_mazurkas	1833.0	226	8	-4	0.0752212389380531	1838.95	2.6823254811328727	1	7
7	0	BI126-3op41-1	chopin_mazurkas	1838.0	233	38	0	9.871244635193133	1838.95	2.6823254811328727	1	8
8	1	BI126-4op41-3	chopin_mazurkas	1839.0	120	20	-5	2.533333333333333	1838.95	2.6823254811328727	1	9
9	2	BI140	chopin_mazurkas	1841.0	213	21	-4	3.427230046948357	1838.95	2.6823254811328727	1	10
10	3	BI145-1op50-1	chopin_mazurkas	1842.0	216	17	-7	1.2916666666666667	1838.95	2.6823254811328727	1	11
11	4	BI145-2op50-2	chopin_mazurkas	1842.0	152	11	0	1.118421052631579	1838.95	2.6823254811328727	1	12
12	5	BI145-3op50-3	chopin_mazurkas	1842.0	309	34	-10	7.300970873786408	1838.95	2.6823254811328727	1	13
13	6	BI153-2op56-2	chopin_mazurkas	1844.0	156	15	0	2.0128205128205128	1838.95	2.6823254811328727	1	14
14	7	BI157-1op59-1	chopin_mazurkas	1845.0	257	33	-6	6.0778210116731515	1838.95	2.6823254811328727	1	15
15	10	BI162-1op63-1	chopin_mazurkas	1846.0	169	35	0	6.207100591715976	1838.95	2.6823254811328727	1	16
16	11	BI162-2op63-2	chopin_mazurkas	1846.0	80	11	-6	1.3	1838.95	2.6823254811328727	1	17
17	12	BI162-3op63-3	chopin_mazurkas	1846.0	123	23	0	5.154471544715447	1838.95	2.6823254811328727	1	18
18	14	BI168op68-4	chopin_mazurkas	1846.0	80	19	-25	2.4625	1838.95	2.6823254811328727	1	19
19	13	BI167op67-2	chopin_mazurkas	1849.0	78	6	-19	0.5256410256410257	1838.95	2.6823254811328727	1	20
20	20	l075-01_suite_prelude	debussy_suite_bergamasque	1905.0	274	22	-3	0.5656934306569343	1905.0	1.4601392046587691	2	21
21	21	l075-02_suite_menuet	debussy_suite_bergamasque	1905.0	305	26	-10	2.1081967213114754	1905.0	1.4601392046587691	2	22
22	22	l075-03_suite_clair	debussy_suite_bergamasque	1905.0	150	11	-15	-0.8333333333333334	1905.0	1.4601392046587691	2	23
23	23	l075-04_suite_passepied	debussy_suite_bergamasque	1905.0	284	26	-7	4.0	1905.0	1.4601392046587691	2	24
