	index	piece	corpus	year	chord_num	max_val	min_val	pieces_avg	corpus_year	corpus_avg	corpus_id	piece_id
0	8	BI16-1	chopin_mazurkas	1826.0	50	17	-1	3.36	1838.95	2.9094141542381573	1	1
1	9	BI16-2	chopin_mazurkas	1826.0	47	7	-6	0.5106382978723404	1838.95	2.9094141542381573	1	2
2	15	BI61-3op07-3	chopin_mazurkas	1832.0	205	7	-15	-0.13658536585365855	1838.95	2.9094141542381573	1	3
3	16	BI61-4op07-4	chopin_mazurkas	1832.0	104	14	-8	-0.9134615384615384	1838.95	2.9094141542381573	1	4
4	17	BI61-5op07-5	chopin_mazurkas	1832.0	38	6	0	1.4210526315789473	1838.95	2.9094141542381573	1	5
5	18	BI73	chopin_mazurkas	1832.0	44	5	-4	-0.20454545454545456	1838.95	2.9094141542381573	1	6
6	19	BI89-2op24-2	chopin_mazurkas	1833.0	226	8	-16	-2.6194690265486726	1838.95	2.9094141542381573	1	7
7	0	BI126-3op41-1	chopin_mazurkas	1838.0	233	38	0	10.592274678111588	1838.95	2.9094141542381573	1	8
8	1	BI126-4op41-3	chopin_mazurkas	1839.0	120	11	-5	1.0583333333333333	1838.95	2.9094141542381573	1	9
9	2	BI140	chopin_mazurkas	1841.0	213	35	-4	6.004694835680751	1838.95	2.9094141542381573	1	10
10	3	BI145-1op50-1	chopin_mazurkas	1842.0	216	17	-7	1.2916666666666667	1838.95	2.9094141542381573	1	11
11	4	BI145-2op50-2	chopin_mazurkas	1842.0	152	11	-6	0.2236842105263158	1838.95	2.9094141542381573	1	12
12	5	BI145-3op50-3	chopin_mazurkas	1842.0	309	34	-10	7.757281553398058	1838.95	2.9094141542381573	1	13
13	6	BI153-2op56-2	chopin_mazurkas	1844.0	156	15	0	2.0128205128205128	1838.95	2.9094141542381573	1	14
14	7	BI157-1op59-1	chopin_mazurkas	1845.0	257	43	-6	10.428015564202335	1838.95	2.9094141542381573	1	15
15	10	BI162-1op63-1	chopin_mazurkas	1846.0	169	25	0	4.479289940828402	1838.95	2.9094141542381573	1	16
16	11	BI162-2op63-2	chopin_mazurkas	1846.0	80	11	-6	1.3	1838.95	2.9094141542381573	1	17
17	12	BI162-3op63-3	chopin_mazurkas	1846.0	123	23	0	8.121951219512194	1838.95	2.9094141542381573	1	18
18	14	BI168op68-4	chopin_mazurkas	1846.0	80	21	-25	2.975	1838.95	2.9094141542381573	1	19
19	13	BI167op67-2	chopin_mazurkas	1849.0	78	6	-19	0.5256410256410257	1838.95	2.9094141542381573	1	20
20	20	l075-01_suite_prelude	debussy_suite_bergamasque	1905.0	274	27	-5	1.3905109489051095	1905.0	2.1496769175541464	2	21
21	21	l075-02_suite_menuet	debussy_suite_bergamasque	1905.0	305	26	-10	2.1081967213114754	1905.0	2.1496769175541464	2	22
22	22	l075-03_suite_clair	debussy_suite_bergamasque	1905.0	150	30	-15	1.1	1905.0	2.1496769175541464	2	23
23	23	l075-04_suite_passepied	debussy_suite_bergamasque	1905.0	284	26	-7	4.0	1905.0	2.1496769175541464	2	24
