	index	piece	corpus	year	chord_num	max_val	min_val	pieces_avg	corpus_year	corpus_avg	corpus_id	piece_id
0	85	op01n02b	corelli	1681	121	9	0	0.4793388429752066	1687.9615384615386	0.21729880144642094	1	1
1	86	op01n03a	corelli	1681	66	13	0	0.7575757575757576	1687.9615384615386	0.21729880144642094	1	2
2	87	op01n03b	corelli	1681	223	7	0	0.5650224215246636	1687.9615384615386	0.21729880144642094	1	3
3	88	op01n04a	corelli	1681	52	9	-3	0.15384615384615385	1687.9615384615386	0.21729880144642094	1	4
4	89	op01n04b	corelli	1681	26	2	0	0.15384615384615385	1687.9615384615386	0.21729880144642094	1	5
5	90	op01n04c	corelli	1681	117	8	-3	0.07692307692307693	1687.9615384615386	0.21729880144642094	1	6
6	91	op01n04d	corelli	1681	115	12	-1	0.4260869565217391	1687.9615384615386	0.21729880144642094	1	7
7	92	op01n05a	corelli	1681	90	3	-5	-0.5555555555555556	1687.9615384615386	0.21729880144642094	1	8
8	93	op01n05b	corelli	1681	149	4	-5	-0.38926174496644295	1687.9615384615386	0.21729880144642094	1	9
9	94	op01n05c	corelli	1681	59	3	-5	-0.3728813559322034	1687.9615384615386	0.21729880144642094	1	10
10	95	op01n05d	corelli	1681	117	3	-7	-0.2222222222222222	1687.9615384615386	0.21729880144642094	1	11
11	96	op01n06a	corelli	1681	44	11	0	0.9772727272727273	1687.9615384615386	0.21729880144642094	1	12
12	97	op01n08a	corelli	1681	56	1	-3	-0.19642857142857142	1687.9615384615386	0.21729880144642094	1	13
13	98	op01n08c	corelli	1681	119	1	-8	-0.5210084033613446	1687.9615384615386	0.21729880144642094	1	14
14	99	op01n10a	corelli	1681	45	0	-4	-0.5111111111111111	1687.9615384615386	0.21729880144642094	1	15
15	100	op01n10b	corelli	1681	70	3	-3	-0.21428571428571427	1687.9615384615386	0.21729880144642094	1	16
16	101	op01n12b	corelli	1681	101	16	0	1.4356435643564356	1687.9615384615386	0.21729880144642094	1	17
17	102	op01n12d	corelli	1681	225	16	0	0.7333333333333333	1687.9615384615386	0.21729880144642094	1	18
18	103	op03n02a	corelli	1689	68	9	0	0.3382352941176471	1687.9615384615386	0.21729880144642094	1	19
19	104	op03n02b	corelli	1689	118	10	0	0.5677966101694916	1687.9615384615386	0.21729880144642094	1	20
20	105	op03n02c	corelli	1689	91	7	-9	0.4175824175824176	1687.9615384615386	0.21729880144642094	1	21
21	106	op03n02d	corelli	1689	121	11	-1	1.1818181818181819	1687.9615384615386	0.21729880144642094	1	22
22	107	op03n03b	corelli	1689	62	0	-10	-0.27419354838709675	1687.9615384615386	0.21729880144642094	1	23
23	108	op03n03c	corelli	1689	137	3	-10	-0.2116788321167883	1687.9615384615386	0.21729880144642094	1	24
24	109	op03n03d	corelli	1689	240	3	-17	-0.44166666666666665	1687.9615384615386	0.21729880144642094	1	25
25	110	op03n04d	corelli	1689	171	11	0	0.4444444444444444	1687.9615384615386	0.21729880144642094	1	26
26	111	op03n06b	corelli	1689	54	4	-7	0.42592592592592593	1687.9615384615386	0.21729880144642094	1	27
27	112	op03n06d	corelli	1689	179	5	0	0.2737430167597765	1687.9615384615386	0.21729880144642094	1	28
28	113	op03n07a	corelli	1689	76	7	0	0.7368421052631579	1687.9615384615386	0.21729880144642094	1	29
29	114	op03n08b	corelli	1689	153	7	-1	0.06535947712418301	1687.9615384615386	0.21729880144642094	1	30
30	115	op03n09c	corelli	1689	85	0	-7	-0.8117647058823529	1687.9615384615386	0.21729880144642094	1	31
31	116	op03n12d	corelli	1689	97	3	0	0.24742268041237114	1687.9615384615386	0.21729880144642094	1	32
32	117	op03n12e	corelli	1689	76	9	0	0.47368421052631576	1687.9615384615386	0.21729880144642094	1	33
33	118	op03n12f	corelli	1689	192	13	0	0.7239583333333334	1687.9615384615386	0.21729880144642094	1	34
34	119	op04n01b	corelli	1694	75	1	-1	0.02666666666666667	1687.9615384615386	0.21729880144642094	1	35
35	120	op04n02a	corelli	1694	87	3	-4	-0.4367816091954023	1687.9615384615386	0.21729880144642094	1	36
36	121	op04n02c	corelli	1694	9	1	0	0.1111111111111111	1687.9615384615386	0.21729880144642094	1	37
37	122	op04n05b	corelli	1694	105	2	-3	-0.047619047619047616	1687.9615384615386	0.21729880144642094	1	38
38	123	op04n05d	corelli	1694	38	2	-1	0.0	1687.9615384615386	0.21729880144642094	1	39
39	124	op04n06a	corelli	1694	22	4	0	0.5909090909090909	1687.9615384615386	0.21729880144642094	1	40
40	125	op04n06b	corelli	1694	41	9	0	0.21951219512195122	1687.9615384615386	0.21729880144642094	1	41
41	126	op04n06c	corelli	1694	19	11	0	1.4210526315789473	1687.9615384615386	0.21729880144642094	1	42
42	127	op04n06d	corelli	1694	57	11	0	0.45614035087719296	1687.9615384615386	0.21729880144642094	1	43
43	128	op04n06e	corelli	1694	22	9	0	0.9090909090909091	1687.9615384615386	0.21729880144642094	1	44
44	129	op04n07c	corelli	1694	12	1	0	0.16666666666666666	1687.9615384615386	0.21729880144642094	1	45
45	130	op04n07e	corelli	1694	92	0	-3	-0.17391304347826086	1687.9615384615386	0.21729880144642094	1	46
46	131	op04n08b	corelli	1694	88	2	-2	0.0	1687.9615384615386	0.21729880144642094	1	47
47	132	op04n10a	corelli	1694	4	5	0	1.25	1687.9615384615386	0.21729880144642094	1	48
48	133	op04n10c	corelli	1694	8	0	0	0.0	1687.9615384615386	0.21729880144642094	1	49
49	134	op04n10d	corelli	1694	51	9	-1	0.9803921568627451	1687.9615384615386	0.21729880144642094	1	50
50	135	op04n11b	corelli	1694	116	0	-8	-0.5862068965517241	1687.9615384615386	0.21729880144642094	1	51
51	136	op04n11c	corelli	1694	142	0	-8	-0.5211267605633803	1687.9615384615386	0.21729880144642094	1	52
52	37	K331-2	mozart_piano_sonatas	1783	160	6	-2	0.44375	1785.875	0.02570060275675662	2	53
53	38	K331-3	mozart_piano_sonatas	1783	128	7	0	0.578125	1785.875	0.02570060275675662	2	54
54	39	K332-3	mozart_piano_sonatas	1783	449	5	-10	-0.8240534521158129	1785.875	0.02570060275675662	2	55
55	40	K457-2	mozart_piano_sonatas	1784	214	7	-16	-1.3598130841121496	1785.875	0.02570060275675662	2	56
56	41	K545-2	mozart_piano_sonatas	1788	146	17	-4	0.6095890410958904	1785.875	0.02570060275675662	2	57
57	42	K545-3	mozart_piano_sonatas	1788	143	7	-1	0.11188811188811189	1785.875	0.02570060275675662	2	58
58	43	K570-2	mozart_piano_sonatas	1789	250	7	-11	-1.036	1785.875	0.02570060275675662	2	59
59	44	K576-2	mozart_piano_sonatas	1789	151	18	0	1.6821192052980132	1785.875	0.02570060275675662	2	60
60	0	05-2	beethoven_piano_sonatas	1797	252	8	-19	-1.5952380952380953	1802.4285714285713	-0.5124127542031497	3	61
61	1	08-1	beethoven_piano_sonatas	1798	503	9	-11	-0.852882703777336	1802.4285714285713	-0.5124127542031497	3	62
62	2	16-2	beethoven_piano_sonatas	1802	285	13	-10	-0.4245614035087719	1802.4285714285713	-0.5124127542031497	3	63
63	13	17-2	beethoven_piano_sonatas	1802	223	15	-11	-1.2197309417040358	1802.4285714285713	-0.5124127542031497	3	64
64	14	21-2	beethoven_piano_sonatas	1804	82	13	-10	0.17073170731707318	1802.4285714285713	-0.5124127542031497	3	65
65	15	23-3	beethoven_piano_sonatas	1805	395	4	-13	-1.270886075949367	1802.4285714285713	-0.5124127542031497	3	66
66	16	24-2	beethoven_piano_sonatas	1809	317	27	-1	1.6056782334384858	1802.4285714285713	-0.5124127542031497	3	67
67	52	n03op18-3_02	ABC	1799	394	3	-27	-1.5913705583756346	1809.032258064516	0.018733312713777178	4	68
68	53	n03op18-3_03	ABC	1799	278	16	-11	1.276978417266187	1809.032258064516	0.018733312713777178	4	69
69	55	n04op18-4_03	ABC	1799	145	1	-9	-2.0344827586206895	1809.032258064516	0.018733312713777178	4	70
70	56	n04op18-4_04	ABC	1799	386	4	-13	-0.9637305699481865	1809.032258064516	0.018733312713777178	4	71
71	58	n05op18-5_01	ABC	1799	430	17	-7	0.9604651162790697	1809.032258064516	0.018733312713777178	4	72
72	59	n05op18-5_02	ABC	1799	168	14	0	1.0476190476190477	1809.032258064516	0.018733312713777178	4	73
73	60	n05op18-5_03	ABC	1799	247	19	-3	0.5991902834008097	1809.032258064516	0.018733312713777178	4	74
74	61	n05op18-5_04	ABC	1799	567	13	-3	0.9982363315696648	1809.032258064516	0.018733312713777178	4	75
75	49	n02op18-2_02	ABC	1800	177	16	-7	-0.4124293785310734	1809.032258064516	0.018733312713777178	4	76
76	50	n02op18-2_03	ABC	1800	138	14	-4	0.3333333333333333	1809.032258064516	0.018733312713777178	4	77
77	51	n02op18-2_04	ABC	1800	468	7	-17	-0.6239316239316239	1809.032258064516	0.018733312713777178	4	78
78	62	n06op18-6_02	ABC	1800	265	0	-11	-1.4	1809.032258064516	0.018733312713777178	4	79
79	63	n06op18-6_03	ABC	1800	168	8	-13	-0.6964285714285714	1809.032258064516	0.018733312713777178	4	80
80	64	n06op18-6_04	ABC	1800	465	9	-17	-1.0172043010752687	1809.032258064516	0.018733312713777178	4	81
81	66	n07op59-1_01	ABC	1806	482	12	-11	-0.8630705394190872	1809.032258064516	0.018733312713777178	4	82
82	67	n08op59-2_02	ABC	1806	326	13	-15	1.7024539877300613	1809.032258064516	0.018733312713777178	4	83
83	68	n08op59-2_03	ABC	1806	262	15	-5	1.1221374045801527	1809.032258064516	0.018733312713777178	4	84
84	69	n08op59-2_04	ABC	1806	567	13	-13	0.54673721340388	1809.032258064516	0.018733312713777178	4	85
85	71	n09op59-3_03	ABC	1806	177	5	-5	-0.5028248587570622	1809.032258064516	0.018733312713777178	4	86
86	72	n10op74_01	ABC	1809	446	9	-25	-1.6793721973094171	1809.032258064516	0.018733312713777178	4	87
87	73	n10op74_04	ABC	1809	322	6	-11	-1.2701863354037266	1809.032258064516	0.018733312713777178	4	88
88	74	n11op95_03	ABC	1810	364	5	-21	-1.3983516483516483	1809.032258064516	0.018733312713777178	4	89
89	75	n12op127_02	ABC	1824	542	15	-19	-1.7029520295202951	1809.032258064516	0.018733312713777178	4	90
90	82	n15op132_01	ABC	1825	622	18	-10	0.03536977491961415	1809.032258064516	0.018733312713777178	4	91
91	83	n15op132_03	ABC	1825	506	16	-1	0.4189723320158103	1809.032258064516	0.018733312713777178	4	92
92	77	n13op130_04	ABC	1826	295	7	-5	0.2983050847457627	1809.032258064516	0.018733312713777178	4	93
93	78	n14op131_01	ABC	1826	334	21	-9	2.1017964071856285	1809.032258064516	0.018733312713777178	4	94
94	79	n14op131_03	ABC	1826	30	5	-1	1.2	1809.032258064516	0.018733312713777178	4	95
95	80	n14op131_06	ABC	1826	68	14	0	2.75	1809.032258064516	0.018733312713777178	4	96
96	81	n14op131_07	ABC	1826	522	15	-9	2.3735632183908044	1809.032258064516	0.018733312713777178	4	97
97	84	n16op135_03	ABC	1826	178	13	-15	-1.0280898876404494	1809.032258064516	0.018733312713777178	4	98
98	25	BI16-1	chopin_mazurkas	1826	50	17	-1	1.0	1838.95	0.05662423263523908	5	99
99	26	BI16-2	chopin_mazurkas	1826	47	7	-6	-1.127659574468085	1838.95	0.05662423263523908	5	100
100	32	BI61-3op07-3	chopin_mazurkas	1832	205	0	-10	-1.673170731707317	1838.95	0.05662423263523908	5	101
101	33	BI61-4op07-4	chopin_mazurkas	1832	104	0	-13	-2.875	1838.95	0.05662423263523908	5	102
102	34	BI61-5op07-5	chopin_mazurkas	1832	38	0	-1	-0.21052631578947367	1838.95	0.05662423263523908	5	103
103	35	BI73	chopin_mazurkas	1832	44	0	-4	-1.0681818181818181	1838.95	0.05662423263523908	5	104
104	36	BI89-2op24-2	chopin_mazurkas	1833	226	7	-11	-0.668141592920354	1838.95	0.05662423263523908	5	105
105	17	BI126-3op41-1	chopin_mazurkas	1838	233	20	0	3.051502145922747	1838.95	0.05662423263523908	5	106
106	18	BI126-4op41-3	chopin_mazurkas	1839	120	5	-4	0.5083333333333333	1838.95	0.05662423263523908	5	107
107	19	BI140	chopin_mazurkas	1841	213	10	-5	0.8591549295774648	1838.95	0.05662423263523908	5	108
108	20	BI145-1op50-1	chopin_mazurkas	1842	216	17	-4	0.7453703703703703	1838.95	0.05662423263523908	5	109
109	21	BI145-2op50-2	chopin_mazurkas	1842	152	5	-7	-2.0197368421052633	1838.95	0.05662423263523908	5	110
110	22	BI145-3op50-3	chopin_mazurkas	1842	309	17	-10	2.686084142394822	1838.95	0.05662423263523908	5	111
111	23	BI153-2op56-2	chopin_mazurkas	1844	156	7	-1	0.1282051282051282	1838.95	0.05662423263523908	5	112
112	24	BI157-1op59-1	chopin_mazurkas	1845	257	22	-4	1.7315175097276265	1838.95	0.05662423263523908	5	113
113	27	BI162-1op63-1	chopin_mazurkas	1846	169	14	0	3.0177514792899407	1838.95	0.05662423263523908	5	114
114	28	BI162-2op63-2	chopin_mazurkas	1846	80	0	-9	-2.125	1838.95	0.05662423263523908	5	115
115	29	BI162-3op63-3	chopin_mazurkas	1846	123	15	0	3.4796747967479673	1838.95	0.05662423263523908	5	116
116	31	BI168op68-4	chopin_mazurkas	1846	80	2	-13	-3.0	1838.95	0.05662423263523908	5	117
117	30	BI167op67-2	chopin_mazurkas	1849	78	0	-8	-1.3076923076923077	1838.95	0.05662423263523908	5	118
118	54	n04	schumann_kinderszenen	1839	53	7	-3	0.24528301886792453	1839.0	0.26379138929832757	6	119
119	57	n05	schumann_kinderszenen	1839	48	22	-2	1.1666666666666667	1839.0	0.26379138929832757	6	120
120	65	n07	schumann_kinderszenen	1839	71	1	-3	-0.5774647887323944	1839.0	0.26379138929832757	6	121
121	70	n09	schumann_kinderszenen	1839	46	15	-7	-0.08695652173913043	1839.0	0.26379138929832757	6	122
122	76	n13	schumann_kinderszenen	1839	49	10	-3	0.5714285714285714	1839.0	0.26379138929832757	6	123
123	3	160.02_Au_Lac_de_Wallenstadt	liszt_pelerinage	1855	84	7	-19	-2.0595238095238093	1856.8	-0.8435513524067908	7	124
124	4	160.04_Au_Bord_dUne_Source	liszt_pelerinage	1855	465	19	-23	-2.378494623655914	1856.8	-0.8435513524067908	7	125
125	5	160.06_Vallee_dObermann	liszt_pelerinage	1855	631	35	-17	1.242472266244057	1856.8	-0.8435513524067908	7	126
126	6	160.07_Eglogue	liszt_pelerinage	1855	214	1	-8	-1.4205607476635513	1856.8	-0.8435513524067908	7	127
127	7	160.09_Les_Cloches_de_Geneve_(Nocturne)	liszt_pelerinage	1855	205	20	-11	1.551219512195122	1856.8	-0.8435513524067908	7	128
128	8	161.01_Sposalizio	liszt_pelerinage	1858	237	28	-6	1.3122362869198312	1856.8	-0.8435513524067908	7	129
129	9	161.04_Sonetto_47_del_Petrarca	liszt_pelerinage	1858	153	5	-27	-4.875816993464053	1856.8	-0.8435513524067908	7	130
130	10	161.05_Sonetto_104_del_Petrarca	liszt_pelerinage	1858	121	16	-3	2.1322314049586777	1856.8	-0.8435513524067908	7	131
131	11	161.07_Apres_une_lecture_du_Dante	liszt_pelerinage	1858	631	27	-16	1.0301109350237718	1856.8	-0.8435513524067908	7	132
132	12	162.02_Canzone	liszt_pelerinage	1861	98	2	-18	-4.969387755102041	1856.8	-0.8435513524067908	7	133
133	150	op37a01	tchaikovsky_seasons	1876	313	26	-8	1.5463258785942493	1876.0	1.5463258785942493	8	134
134	137	op08n02	dvorak_silhouettes	1879	67	0	-22	-1.8507462686567164	1879.0	-0.343182901502091	9	135
135	138	op08n03	dvorak_silhouettes	1879	238	3	-23	-2.19327731092437	1879.0	-0.343182901502091	9	136
136	139	op08n06	dvorak_silhouettes	1879	113	6	-17	-3.3805309734513274	1879.0	-0.343182901502091	9	137
137	140	op08n07	dvorak_silhouettes	1879	167	16	0	1.4491017964071857	1879.0	-0.343182901502091	9	138
138	141	op08n08	dvorak_silhouettes	1879	100	5	0	0.85	1879.0	-0.343182901502091	9	139
139	142	op08n09	dvorak_silhouettes	1879	97	7	0	1.4845360824742269	1879.0	-0.343182901502091	9	140
140	143	op08n11	dvorak_silhouettes	1879	88	18	-5	1.2386363636363635	1879.0	-0.343182901502091	9	141
141	144	op12n01	grieg_lyric_pieces	1867	43	16	-11	-1.5348837209302326	1889.5483870967741	0.816922980054993	10	142
142	145	op12n02	grieg_lyric_pieces	1867	125	12	-1	1.088	1889.5483870967741	0.816922980054993	10	143
143	146	op12n08	grieg_lyric_pieces	1867	78	0	-7	-1.9487179487179487	1889.5483870967741	0.816922980054993	10	144
144	151	op38n02	grieg_lyric_pieces	1883	46	10	0	0.9565217391304348	1889.5483870967741	0.816922980054993	10	145
145	152	op38n03	grieg_lyric_pieces	1883	87	13	-4	0.3563218390804598	1889.5483870967741	0.816922980054993	10	146
146	153	op38n06	grieg_lyric_pieces	1883	104	9	-1	1.75	1889.5483870967741	0.816922980054993	10	147
147	154	op38n07	grieg_lyric_pieces	1883	55	5	-1	0.6545454545454545	1889.5483870967741	0.816922980054993	10	148
148	157	op43n01	grieg_lyric_pieces	1886	102	8	0	2.107843137254902	1889.5483870967741	0.816922980054993	10	149
149	158	op43n04	grieg_lyric_pieces	1886	52	10	-3	0.21153846153846154	1889.5483870967741	0.816922980054993	10	150
150	159	op43n06	grieg_lyric_pieces	1886	127	32	-1	4.125984251968504	1889.5483870967741	0.816922980054993	10	151
151	160	op47n01	grieg_lyric_pieces	1888	158	19	0	2.2088607594936707	1889.5483870967741	0.816922980054993	10	152
152	161	op47n04	grieg_lyric_pieces	1888	21	1	0	0.2857142857142857	1889.5483870967741	0.816922980054993	10	153
153	162	op47n06	grieg_lyric_pieces	1888	83	13	0	1.036144578313253	1889.5483870967741	0.816922980054993	10	154
154	163	op47n07	grieg_lyric_pieces	1888	134	19	0	4.567164179104478	1889.5483870967741	0.816922980054993	10	155
155	164	op54n02	grieg_lyric_pieces	1891	286	3	-7	-0.18181818181818182	1889.5483870967741	0.816922980054993	10	156
156	165	op54n03	grieg_lyric_pieces	1891	267	11	-10	0.5730337078651685	1889.5483870967741	0.816922980054993	10	157
157	166	op54n04	grieg_lyric_pieces	1891	91	3	-12	-1.7252747252747254	1889.5483870967741	0.816922980054993	10	158
158	167	op54n06	grieg_lyric_pieces	1891	171	22	-1	1.345029239766082	1889.5483870967741	0.816922980054993	10	159
159	168	op57n03	grieg_lyric_pieces	1893	186	24	-8	0.978494623655914	1889.5483870967741	0.816922980054993	10	160
160	169	op62n04	grieg_lyric_pieces	1895	97	17	0	2.082474226804124	1889.5483870967741	0.816922980054993	10	161
161	170	op62n05	grieg_lyric_pieces	1895	45	15	-1	2.1555555555555554	1889.5483870967741	0.816922980054993	10	162
162	171	op62n06	grieg_lyric_pieces	1895	173	11	-3	0.49710982658959535	1889.5483870967741	0.816922980054993	10	163
163	172	op65n03	grieg_lyric_pieces	1896	87	7	-1	0.5632183908045977	1889.5483870967741	0.816922980054993	10	164
164	173	op65n04	grieg_lyric_pieces	1896	112	23	-4	4.857142857142857	1889.5483870967741	0.816922980054993	10	165
165	174	op68n03	grieg_lyric_pieces	1899	134	41	-5	1.3656716417910448	1889.5483870967741	0.816922980054993	10	166
166	175	op68n04	grieg_lyric_pieces	1899	85	10	-4	0.8	1889.5483870967741	0.816922980054993	10	167
167	176	op68n05	grieg_lyric_pieces	1899	95	17	-2	1.3368421052631578	1889.5483870967741	0.816922980054993	10	168
168	177	op68n06	grieg_lyric_pieces	1899	200	19	-21	-0.585	1889.5483870967741	0.816922980054993	10	169
169	178	op71n02	grieg_lyric_pieces	1901	107	4	-14	-3.97196261682243	1889.5483870967741	0.816922980054993	10	170
170	179	op71n04	grieg_lyric_pieces	1901	87	8	-1	1.206896551724138	1889.5483870967741	0.816922980054993	10	171
171	180	op71n07	grieg_lyric_pieces	1901	74	9	-12	-1.837837837837838	1889.5483870967741	0.816922980054993	10	172
172	45	l075-01_suite_prelude	debussy_suite_bergamasque	1905	274	10	-8	-0.291970802919708	1905.0	0.042508915524979485	11	173
173	46	l075-02_suite_menuet	debussy_suite_bergamasque	1905	305	12	-5	0.08524590163934426	1905.0	0.042508915524979485	11	174
174	47	l075-03_suite_clair	debussy_suite_bergamasque	1905	150	11	-11	-1.5	1905.0	0.042508915524979485	11	175
175	48	l075-04_suite_passepied	debussy_suite_bergamasque	1905	284	26	-4	1.8767605633802817	1905.0	0.042508915524979485	11	176
176	147	op26n01	medtner_tales	1912	180	6	-12	-1.15	1918.8	0.3556675184447534	12	177
177	148	op34n02	medtner_tales	1917	195	19	-21	0.4358974358974359	1918.8	0.3556675184447534	12	178
178	149	op35n04	medtner_tales	1917	345	34	-8	2.1420289855072463	1918.8	0.3556675184447534	12	179
179	155	op42n02	medtner_tales	1924	178	1	-11	-1.3651685393258426	1918.8	0.3556675184447534	12	180
180	156	op42n03	medtner_tales	1924	552	22	-17	1.7155797101449275	1918.8	0.3556675184447534	12	181
